100
124
151
179
209
242
275
311
349
389
432
476
522
571
622
676
731
790
850
914
980
1048
1119
1193
1270
1350
1432
1517
1606
1697
1792
1889
1990
2094
2201
2312
2425
2543
2663
2788
2916
3047
3182
3321
3463
3610
3760
3914
4072
4234
4400
4570
4744
4922
5105
5292
5483
5678
5878
6083
6292
6505
6723
6946
7173
7406
7643
7884
8131
8383
8640
8901
9168
9440
9717
10000
10287
10580
10878
11182
11492
11806
12127
12453
12784
13122
13465
13813
14168
14529
14896
15268
15647
16032
16422
16820
17223
17632
18048
18471