0:00~0:10	1	3	16	1	1
0:10~0:20	2	3	16	1	1
0:20~0:30	3	3	16	1	1
0:30~0:40	4	3	16	1	1.1
0:40~0:50	5	3	16	1	1.1
0:50~1:00	6	3	16	1	1.1
1:00~1:10	7	3	16	1	1.2
1:10~1:20	8	3	16	1	1.2
1:20~1:30	9	3	16	1	1.2
1:30~2:00	10	20	200	2	1.3
2:00~2:10	11	3	16	1,2	1.4
2:10~2:20	12	3	16	1,2	1.4
2:20~2:30	13	3	16	1,2	1.4
2:30~2:40	14	3	16	1,2	1.5
2:40~2:50	15	3	16	1,2	1.5
2:50~3:00	16	3	16	1,2	1.5
3:00~3:10	17	3	16	3	1.6
3:10~3:20	18	3	16	3	1.6
3:20~3:30	19	3	16	3	1.6
3:30~3:40	20	3	16	1,2,3	1.7
3:40~3:50	21	3	16	1,2,3	1.7
3:50~4:00	22	3	16	1,2,3	1.7
4:00~4:10	23	3	16	4,10	2.8
4:10~4:20	24	3	16	4	2.8
4:20~4:30	25	3	16	4	2.8
4:30~4:40	26	3	16	4	2.9
4:40~4:50	27	3	16	4	2.9
4:50~5:00	28	3	16	4	2.9
5:00~5:10	29	3	16	4	3
5:10~5:20	30	3	16	4	3
5:20~5:30	31	3	16	4	3
5:30~6:00	32	20	200	5	3.1
6:00~6:10	33	3	16	4,5	3.2
6:10~6:20	34	3	16	4,5	3.2
6:20~6:30	35	3	16	4,5	3.2
6:30~6:40	36	3	16	4,5	3.3
6:40~6:50	37	3	16	4,5	3.3
6:50~7:00	38	3	16	4,5	3.3
7:00~7:10	39	3	16	6	3.4
7:10~7:20	40	3	16	6	3.4
7:20~7:30	41	3	16	6	3.4
7:30~7:40	42	3	16	4,5,6	3.5
7:40~7:50	43	3	16	4,5,6	3.5
7:50~8:00	44	3	16	4,5,6	3.5
8:00~8:10	45	3	16	7,11	4.6
8:10~8:20	46	3	16	7	4.6
8:20~8:30	47	3	16	7	4.6
8:30~8:40	48	3	16	7	4.7
8:40~8:50	49	3	16	7	4.7
8:50~9:00	50	3	16	7	4.7
9:00~9:10	51	3	16	7	4.8
9:10~9:20	52	3	16	7	4.8
9:20~9:30	53	3	16	7	4.8
9:30~10:00	54	20	200	8	4.9
10:00~10:10	55	3	16	7,8	5
10:10~10:20	56	3	16	7,8	5
10:20~10:30	57	3	16	7,8	5
10:30~10:40	58	3	16	7,8	5.1
10:40~10:50	59	3	16	7,8	5.1
10:50~10:00	60	3	16	7,8	5.1
11:00~11:10	61	3	16	9	5.2
11:10~11:20	62	3	16	9	5.2
11:20~11:30	63	3	16	9	5.2
11:30~11:40	64	3	16	7,8,9	5.3
11:40~11:50	65	3	16	7,8,9	5.3
11:50~12:00	66	3	16	7,8,9	5.3
12:00~12:10	67	3	16	1,2,3,4,5,6,7,8,9,12	6.4
12:10~12:20	68	3	32	1,2,3,4,5,6,7,8,9	6.4
12:20~12:30	69	3	32	1,2,3,4,5,6,7,8,9	6.4
12:30~12:40	70	3	32	1,2,3,4,5,6,7,8,9	6.5
12:40~12:50	71	3	32	1,2,3,4,5,6,7,8,9	6.5
12:50~13:00	72	3	32	1,2,3,4,5,6,7,8,9	6.5
13:00~13:10	73	3	32	1,2,3,4,5,6,7,8,9	6.6
13:10~13:20	74	3	32	1,2,3,4,5,6,7,8,9	6.6
13:20~13:30	75	3	32	1,2,3,4,5,6,7,8,9	6.6
13:30~14:00	76	20	400	1,2,3,4,5,6,7,8,9	6.7
14:00~14:10	77	3	32	1,2,3,4,5,6,7,8,9	6.8
14:10~14:20	78	3	32	1,2,3,4,5,6,7,8,9	6.8
14:20~14:30	79	3	32	1,2,3,4,5,6,7,8,9	6.8
14:30~14:40	80	3	32	1,2,3,4,5,6,7,8,9	6.9
14:40~14:50	81	3	32	1,2,3,4,5,6,7,8,9	6.9
14:50~15:00	82	3	32	1,2,3,4,5,6,7,8,9	6.9
15:00~15:10	83	3	32	1,2,3,4,5,6,7,8,9	7
15:10~15:20	84	3	32	1,2,3,4,5,6,7,8,9	7
15:20~15:30	85	3	32	1,2,3,4,5,6,7,8,9	7
15:30~15:40	86	3	32	1,2,3,4,5,6,7,8,9	7.1
15:40~15:50	87	3	32	1,2,3,4,5,6,7,8,9	7.1
15:50~16:00	88	3	32	1,2,3,4,5,6,7,8,9	7.1
16:00~16:10	89	3	32	1,2,3,4,5,6,7,8,9, 13	7.2
16:10~	90	3	32	1,2,3,4,5,6,7,8,9	7.2